intrinsic:
823.2834692260004 0.0 354.490882648925 0.0 823.2642541153048 247.04549476494302 0.0 0.0 1.0 
distortion:
0.23150955187603425 -1.4081597425489776 -0.004663786705654932 -0.000538758705181636 2.6794975259085207 
