intrinsic:
854.5899318698823 0.0 329.22178106067935 0.0 853.751677957121 228.54536599269306 0.0 0.0 1.0 
distortion:
0.19320556359503444 -1.199990146569193 -0.007706751237694865 -0.0046497433658578185 1.8946063814234169 
